0.018699430705810757,0.024409894959545757,0.40771841076823234,0.013146426592715917,0.005241453762736663,0.11026642031192559,0.04335397507413513,0.0037585118543042068,0.005940770649522631,0.36082758268660037,0.0037809427380351424,0.002856179896435521,5.0
0.17751161259946524,0.024190071333024418,0.21538612907974122,0.01904718705371854,0.05533737452631578,0.08676824803930289,0.018259035775517924,0.008093100900129935,0.012113231510329732,0.3662648309143746,0.005730908254380868,0.01129827001369879,5.0
0.01331063006989847,0.07142435056159001,0.3677591322465099,0.011845240929806088,0.014365725313611126,0.0811155716669989,0.014273178151360852,0.017849033242041498,0.008752483839789951,0.380852621619525,0.00750125852947338,0.010950773829394893,5.0
0.010267939106264778,0.014455004146679122,0.35353542929016196,0.00783568974340948,0.010940068977761891,0.07463296824500106,0.0344057950129067,0.015605992519945251,0.00589669370587119,0.4465084595694679,0.011153252531605741,0.01476270715092502,5.0
0.03860100474829581,0.18559146382442082,0.1892775101837552,0.013300130199249962,0.09104168501194482,0.0231032583694076,0.04339074222872111,0.01471402458646679,0.01284340411172618,0.371095966397,0.01199767329526314,0.005043137043748702,5.0
0.013341410180976926,0.03929223343190025,0.15438880298912736,0.006481519383356974,0.07105303352887705,0.03123002090733234,0.023035270538527514,0.01687005884851451,0.04285450040964856,0.5658054081399266,0.010089231247939444,0.025558510393872604,5.0
0.025406583951042602,0.03994865735937569,0.18658210767308558,0.01025429099868519,0.02682296619824973,0.12555313602874607,0.02885320140886053,0.016931309310320122,0.026873906849990314,0.463805831680663,0.039160399735665145,0.009807608805315856,5.0
0.015343058661794093,0.04559027106948245,0.28624593822546446,0.01676573977953906,0.12943901681533612,0.031356139800165175,0.040152422487729246,0.010941850183473592,0.015549239362031394,0.37555632818901025,0.011028477695338977,0.022031517730635282,5.0
0.008477733961740487,0.015795176157776234,0.2145692071643643,0.004094232047613997,0.036333298080611386,0.004744583387024309,0.06608147844293406,0.009222533597483231,0.021484323028446085,0.6080664564677039,0.0060699542149654255,0.005061023449336572,5.0
0.01964152580845487,0.07439782787168302,0.38285831927966363,0.015347997603074584,0.05371809367180369,0.21457174158818007,0.044961328418081925,0.005863811339409745,0.00429780767307378,0.14943715829399928,0.01752552667326245,0.017378861779313207,5.0
0.02031395901821736,0.009491830046129144,0.4631193459462208,0.008987242795741677,0.009832870640184602,0.06957030880181679,0.05087822908231269,0.00800729425689754,0.008189978460537815,0.3413698813567926,0.006252004122412507,0.003987055472736566,5.0
0.010253645987883302,0.08638962647911344,0.2821467004236922,0.029122758376836227,0.02739593758215925,0.14170785117210727,0.02482242505167935,0.013633474759172221,0.013685646574652112,0.35300678744613967,0.005067518238735163,0.012767627907829692,5.0
0.04568809181527612,0.08035272306454873,0.2848815365382837,0.02265214674597077,0.030626140888185042,0.11788239169416595,0.11078344017179814,0.016890023756872836,0.007579027786684806,0.269484083334654,0.003835048406129146,0.009345345797430795,5.0
0.0370844968060524,0.0907763281047545,0.1930310475734623,0.013239038022725138,0.041505652735270036,0.03543702816522721,0.02557077359811049,0.017227283797804187,0.013636099281217827,0.49175993913863864,0.017841616866705164,0.022890695910032066,5.0
0.03793644154265979,0.04638220538560594,0.12177958168592401,0.02815619458491297,0.07451168148509943,0.04840599066135487,0.0519187524614966,0.035314338872025834,0.026099689968632177,0.47599267712376836,0.031010986862508746,0.022491459366011306,5.0
0.019119951182949832,0.01655950171323973,0.11781483187798117,0.0071367155864782835,0.026612536196449214,0.09230283438720382,0.028375079071286134,0.009261040726432765,0.015221630303928787,0.6505982572295396,0.009774996575812848,0.007222625148697744,5.0
0.04692095819860726,0.07535988480766935,0.098805173757626,0.021045624292633555,0.046516944841297446,0.10041180082978218,0.129065456311797,0.053116876111299983,0.1255989780949552,0.27391830440992865,0.007437967452784973,0.021802030891618283,5.0
0.14960679256372056,0.044273600896699905,0.10310385672279733,0.020054477015058088,0.05942949750726976,0.09169288071435772,0.0416775601362723,0.00876489541920881,0.015582211076697133,0.4295690081105304,0.0035562669425796,0.03268895289480846,5.0
0.01275874074691216,0.032696306789945784,0.12669272809349558,0.005181147309197823,0.04918353761634508,0.03028666780467455,0.01148807493553283,0.01126710128946322,0.022136075443320993,0.6832270219238173,0.010584676539415893,0.004497921507878797,5.0
0.023638518853773577,0.05748976690839663,0.08001820650526491,0.015078673890920307,0.1007666670427586,0.07740082663454413,0.03231519298927408,0.011905266563367515,0.007403947593893518,0.5564035941061125,0.025824017991888354,0.011755320919806052,5.0
0.00910098607449358,0.02893937037517273,0.31789917106679244,0.014489856785242394,0.03540520645048695,0.04063949527214657,0.019839229940517702,0.023223931996505368,0.16954684182201174,0.3211882751808761,0.014945388769372797,0.004782246266381582,5.0
0.05941005789642123,0.01634735245890596,0.2572699085019852,0.010344998950764994,0.017439905416367786,0.19187069336846466,0.03833898402138174,0.010365751688755642,0.01785989557431213,0.36776315391886627,0.007131080964968442,0.005858217238805886,5.0
0.010328220135919703,0.02592262178731603,0.14824025125115428,0.007514883199267317,0.03610557354617153,0.00841703835753318,0.02012920868658264,0.011379797854470384,0.015094853049696632,0.7066621460223117,0.006223790606742249,0.00398161550283441,5.0
0.00857032711814861,0.022415592817046828,0.28913507159798046,0.00744004540148693,0.031791119713080386,0.018692741945057368,0.026855229973594474,0.00868348069380712,0.07020197250212841,0.49463937500555166,0.014733302167859957,0.006841741064257871,5.0
0.008216453006312222,0.021169813215390645,0.31522692754695875,0.029329004337171893,0.028466183523011796,0.030007989172786284,0.03614878094640703,0.034228132041984646,0.021253296471180988,0.45115597487298226,0.015199290286305876,0.009598154579507474,5.0
0.02180352812853446,0.01155431657383526,0.2312204684046088,0.010527802598179663,0.03584421329038337,0.07444134148561447,0.03486160718868684,0.012466686960693911,0.0911520662361021,0.4584059327533094,0.01233583118960086,0.0053862051904509335,5.0
0.07190993252839019,0.05263122840103953,0.21471988514140777,0.020535647689529556,0.03986622650649092,0.06575072716622223,0.02684429158013354,0.03256628864437934,0.02465846804546107,0.4245561779473325,0.017780295873755774,0.008180830475857527,5.0
0.05389512548784598,0.03637981569917544,0.16440109405828907,0.045147220224542164,0.06522189839333344,0.10722608316821584,0.0409781558437847,0.014385592565055593,0.005901375614675729,0.45695196920249753,0.004477283813021079,0.005034385929563284,5.0
0.03315335659086236,0.02782068606409402,0.27610902682546573,0.008539862418146053,0.02064314504375237,0.048482922092647256,0.006060962673269458,0.008884557261624508,0.017907515005178586,0.5337263836841378,0.010446226485627168,0.008225355855194828,5.0
0.025854661893462277,0.02917266252314652,0.4198811910249358,0.012575307339042609,0.025639460845494486,0.049746667252010504,0.015596674060086937,0.020656856447371343,0.025462647617695414,0.3272810680733672,0.029924734382617977,0.018208068540768896,5.0
0.017545612353432168,0.008572161594861145,0.16106055299713223,0.007185390633968955,0.010629933198505383,0.06081362169422324,0.028007849623761537,0.010228501462273028,0.012617049097317446,0.6761332874908847,0.004372629223301995,0.0028334106303381746,5.0
0.009337771241904253,0.019437652376305802,0.3569735088196177,0.014322349322723492,0.02758118871842655,0.1321841196838569,0.046280001016526864,0.005843938932162296,0.004458105467026252,0.3711550165899364,0.005199767474942244,0.007226580356571384,5.0
0.05389512548784598,0.03637981569917544,0.16440109405828907,0.045147220224542164,0.06522189839333344,0.10722608316821584,0.0409781558437847,0.014385592565055593,0.005901375614675729,0.45695196920249753,0.004477283813021079,0.005034385929563284,5.0
0.024204616555510247,0.03015707040203763,0.3827049891537288,0.03651375326560658,0.02794935797371364,0.1993929975463703,0.04436084536679833,0.013392044073535135,0.014628928865680117,0.19976519185310307,0.011864616939198203,0.015065588004717936,5.0
0.012792515160876892,0.03594732989616976,0.24353129755475675,0.012237175042269677,0.2167552697612515,0.006757116147303075,0.12878243636504216,0.010584038523274613,0.012966744008441052,0.2882221045749634,0.012683360343286208,0.018740612622364886,5.0
0.059217105731353914,0.05549644138516306,0.2889611812408553,0.029227727260616364,0.018450969344590992,0.09129520141474355,0.035754287735900475,0.031107039736567848,0.01426041641893011,0.3379160184416922,0.014967018627528106,0.023346592662058113,5.0
0.01530260443696668,0.00949397754141819,0.2026712741203864,0.008059159298092916,0.033807183460992526,0.19621331855078664,0.015102280362642611,0.013538325693012885,0.015587673029088847,0.47015919789555566,0.01488612994729406,0.005178875663762698,5.0
0.00835392038211348,0.036477074284273624,0.3950151089481339,0.004349464017486849,0.09014867566071816,0.0030421533913336926,0.020936276896089918,0.0032905150332738953,0.003192699223462521,0.42185419200626234,0.0024653223250243194,0.010874597831827247,5.0
0.04102246780771088,0.02567108390309362,0.3162208430276861,0.02523475978187622,0.02013406502265948,0.03655640853252982,0.030978703483645138,0.01830077514856572,0.08267400275685005,0.36681656388216866,0.024859798496316084,0.011530528156898185,5.0
0.023749117742370377,0.04518790022766636,0.15257279449115563,0.01682070513085912,0.03938095665808322,0.05418601530481784,0.040046975475584536,0.027821571593800474,0.020414882298561837,0.5497680100371305,0.013858335756147956,0.016192735283822278,5.0
0.008992023854689555,0.026231334466319107,0.591266155779532,0.015194663815488146,0.015662985960337016,0.1851087301631896,0.033605511907109586,0.007747055087269178,0.007021707822603964,0.09963523168622626,0.003485467450336995,0.006049132006898391,5.0
0.046238545979287136,0.034928267493265774,0.1780641741596002,0.03798388725139556,0.067660758115079,0.07851123533223262,0.033598231822579636,0.010814901848865377,0.009454781580297139,0.4870430752853062,0.005948305881087663,0.00975383525100368,5.0
0.03382626750012945,0.06684691409373467,0.19298460190854003,0.0185243497972365,0.06968904821439685,0.12193127448878754,0.13443423665733278,0.015238382541450329,0.14801820021075418,0.16513838583574414,0.02096005172704651,0.012408287024846788,5.0
0.008017744817640239,0.04554363837587158,0.24126522396221275,0.013057756743215507,0.04040448224435767,0.09139096221694651,0.017989727641086473,0.0122801989184922,0.0094085956814862,0.5067579385239579,0.0071287035015955924,0.006755027373137324,5.0
0.08614044220515554,0.1082993131842344,0.11581250749029692,0.021508954595620168,0.05253781011094366,0.06134493945614456,0.04047345733876,0.012579475598826691,0.0190171088988628,0.4607711819925288,0.006784587819226727,0.014730221309399771,5.0
0.04442523849168107,0.02569681522915465,0.2182194736758247,0.009873893874345884,0.11209140926060707,0.07616282705652726,0.047169437894443104,0.01142773846111712,0.018114719214558116,0.40466394037138126,0.0065162138229790355,0.025638292647380656,5.0
0.047200641601038776,0.040860628558040755,0.16425270238269407,0.01353212315247291,0.07218715621765981,0.04478019852545765,0.03415231913580179,0.02005702244996907,0.018388982842411056,0.5081783324051184,0.01899209037931108,0.017417802350024644,5.0
0.01708749385468446,0.012249604903676522,0.11260858199606144,0.01702534457685908,0.031479502880807565,0.07068117161244031,0.015397197904605106,0.015424557062120174,0.030107775140357805,0.6609953571191421,0.009140858866328037,0.007802554082917445,5.0
0.07553658095187822,0.04720401908615777,0.5059748255554236,0.017409543626396275,0.043226696139818485,0.08950514848117265,0.06419936380006176,0.019797103246901756,0.008752190671420197,0.10798129632157666,0.003117514657613365,0.017295717461579308,5.0
0.0176107320450409,0.05920836823494434,0.11646908612380759,0.03188472961570252,0.11314878685591251,0.08508308856790316,0.08386760044372185,0.026974792474078465,0.01456544394842807,0.3785982902594116,0.016269093006648132,0.05631998842440083,5.0
0.009959597102463582,0.03383807005419726,0.38368893933984904,0.025548053838492638,0.025609092921722466,0.09969511293704832,0.02115958247442854,0.013283341284444302,0.009718843674276428,0.35679012079253525,0.010720223289691305,0.009989022290850875,5.0
0.004229908154696958,0.013741516941964377,0.1325809649738491,0.009220765917910526,0.007879887532749751,0.16738016398772512,0.023810895074346902,0.01738125248495562,0.042813318322901105,0.561933181551062,0.013563668390518584,0.005464476667319959,5.0
0.03147359419210326,0.01954230554499675,0.5327007780839808,0.01894655382253711,0.018065890399599317,0.19048636355319748,0.013221000851427097,0.0038178230613518677,0.0039822839209517616,0.15231212172772454,0.006921652947513867,0.00852963189461608,5.0
0.019986717523538255,0.016477300843227422,0.22431944072313859,0.0070221343082735544,0.008577157254711986,0.18262849520594704,0.04916270212638414,0.017154449370650793,0.010884998906453135,0.45005640918224193,0.006852563426485109,0.006877631128948001,5.0
0.02797771444684958,0.04029604369050049,0.20514251371201866,0.02018074350966795,0.12993714269570394,0.022852067359763948,0.027879627629036625,0.014584789076385643,0.01673857293109443,0.4605729579194687,0.018802532150818157,0.015035294878691964,5.0
0.016614712537570426,0.05304634197795713,0.2740507188510625,0.010412101252650434,0.020410278057374616,0.09396827045540711,0.1254025494467432,0.028268861753175684,0.008196073948147826,0.35372761643191697,0.007333336734502606,0.00856913855349149,5.0
0.00853733042119401,0.044136601171470495,0.4645401015122326,0.0046273386163409366,0.04628854077038108,0.05210707954117625,0.10308911562423782,0.018057313819557285,0.01071017990819353,0.23516515854823292,0.0024186272827574616,0.010322612784225636,5.0
0.021959484278039943,0.036913852102042885,0.456312966514195,0.008577009960734017,0.09326461268488408,0.006165057863859333,0.03988536012822871,0.005772612561456927,0.01001845462045109,0.293333758682511,0.003915809644956661,0.02388102095864055,5.0
0.020856679336592247,0.06648541650209709,0.2755190875915438,0.0326510852674504,0.026028808209325693,0.06331921135675231,0.06436272400888589,0.016271698755788756,0.014035907492695676,0.3898528965752473,0.014458062705658139,0.0161584221979624,5.0
0.038827211667622125,0.030249886115074592,0.4229283335145099,0.012133314748817984,0.10154935664850548,0.02725306682892646,0.057380402663586516,0.012284281743594848,0.01574407739146996,0.25573421408878244,0.01541644786305582,0.010499406726053869,5.0
0.01837855500328554,0.014887371176773877,0.08402240432678658,0.005021771461621083,0.07180736527008935,0.08569792013184435,0.02618244173152145,0.012434128686097798,0.03540375940318782,0.6316154232969123,0.009762408770635608,0.004786450741244227,5.0
0.011126276375951335,0.02430048506074312,0.1252890669772237,0.008806904192450839,0.026088669218091075,0.034342779048326826,0.017142668735711596,0.02626163227004817,0.03905897771078375,0.6717515514541922,0.007540901414637682,0.008290087541839795,5.0
0.0064396400680517855,0.02026486680395571,0.252858309690259,0.01207917724006667,0.007801285528484953,0.026443391870233993,0.014702335947445525,0.02136431138904941,0.028256543694253216,0.5895814492357557,0.015457263488483003,0.004751425043960967,5.0
0.040721478948344055,0.1278116482447067,0.17806441041596816,0.01611973804067579,0.12410924036794614,0.041038482344092825,0.042530726808824866,0.020885061484765283,0.021043227633403164,0.35444564689943986,0.00667886878514104,0.02655147002669215,5.0
0.024242397268996234,0.0539073653473514,0.18243116971706233,0.025377414364752597,0.21479895442599428,0.08553337940480452,0.03650179095078868,0.04313596682157028,0.030627183844534903,0.2774571926928169,0.017206647420808692,0.008780537740519337,5.0
0.01797955071372829,0.01595405333858322,0.2606596724018608,0.015181406064275167,0.012290274100883139,0.10239130097622376,0.06052003083856554,0.01834211273751888,0.018961828606597963,0.4590430249965588,0.007538345428820586,0.011138399796383773,5.0
0.008732355648889798,0.014114814325489325,0.28168449221769387,0.015017972618773169,0.04555771410859899,0.08094106460928031,0.02653083985827096,0.008219525338659142,0.014524044584407036,0.48218697164963525,0.01355974876922667,0.00893045627107531,5.0
0.01947413878377744,0.03550207239387843,0.20638449341764828,0.01348460362156439,0.08690034970615322,0.02121018463219218,0.025040916381201286,0.011076664572070622,0.01657262982074284,0.5252748202848084,0.01754368602822782,0.02153544035773494,5.0
0.023386869115025168,0.016373876649804258,0.34389740174190603,0.005923043451707503,0.007794265646846934,0.05359185545761086,0.03937067890580755,0.009941060293792341,0.008780285773921483,0.4543653576293414,0.00354900487455789,0.03302630045967845,5.0
0.005398193700038718,0.011226234990122687,0.21497281020996545,0.011090402770309718,0.0356420340219651,0.0059227854576023534,0.014003935265412175,0.017344285126838034,0.036135789058647956,0.638512991636801,0.006512987314657949,0.003237550447639016,5.0
0.0370844968060524,0.0907763281047545,0.1930310475734623,0.013239038022725138,0.041505652735270036,0.03543702816522721,0.02557077359811049,0.017227283797804187,0.013636099281217827,0.49175993913863864,0.017841616866705164,0.022890695910032066,5.0
0.01376534657377174,0.02618169182392718,0.5179636812508963,0.021218850713633282,0.011770209269903995,0.0998817039841961,0.009534848245754325,0.006994503682490768,0.009905591334022306,0.27257757429832075,0.005368268988133382,0.004837729834949699,5.0
0.008795873222845346,0.027190910066383547,0.7880335325009978,0.006449442703231018,0.01559219417870174,0.0037371554320814234,0.01872908934753543,0.012067302567024424,0.009950696671596102,0.10210216844076822,0.004181454114815558,0.00317018075401915,5.0
0.023749117742370377,0.04518790022766636,0.15257279449115563,0.01682070513085912,0.03938095665808322,0.05418601530481784,0.040046975475584536,0.027821571593800474,0.020414882298561837,0.5497680100371305,0.013858335756147956,0.016192735283822278,5.0
0.008017744817640239,0.04554363837587158,0.24126522396221275,0.013057756743215507,0.04040448224435767,0.09139096221694651,0.017989727641086473,0.0122801989184922,0.0094085956814862,0.5067579385239579,0.0071287035015955924,0.006755027373137324,5.0
0.02826403303122562,0.05759859932548533,0.09767358134593876,0.017635805572463838,0.09375806836399446,0.11855382050017596,0.12621327047863215,0.029132991949185023,0.05275187895723717,0.3387197226233698,0.018637408981223846,0.02106081887106806,5.0
0.005226960075057827,0.09147309048733471,0.43844104749257645,0.012751385323284249,0.0535670597306932,0.020037837469696694,0.07723390823851735,0.0031554580843341866,0.004913571423553841,0.23967642763311417,0.02669920997787747,0.026824044063959857,5.0
0.020011915063874133,0.018412049778067388,0.21021239377486428,0.005247872585599769,0.01690031558182436,0.07439778745286477,0.012750253247495647,0.01916468201854239,0.045068011320635565,0.5600942148066671,0.011670437973358191,0.006070066396206403,5.0
0.009485776912892757,0.03904389884846239,0.3064428966342081,0.02904211565697069,0.16096572884136906,0.04600967537486125,0.05316956881789166,0.022648524770618482,0.011181825616904669,0.2952650638598908,0.014779259771836804,0.011965664894093241,5.0
0.009445527519184638,0.05779875319711211,0.6698071023856255,0.008749848323292692,0.009463174139871968,0.006783106694876432,0.004040018966864252,0.0023294472549683955,0.011264190237831243,0.18210685674461008,0.015646463401540037,0.02256551113422272,5.0
0.047394202757703396,0.022659012540654326,0.1678614077608753,0.017450422772847533,0.03996649834721438,0.07903127566958423,0.03681404992917172,0.02159716912512804,0.035569518974499156,0.4740175217111404,0.04056462381460233,0.017074296596579108,5.0
0.010350741019705364,0.04412363386266341,0.4813682184318368,0.02139649617578258,0.019876302120109653,0.02917428169152739,0.036683653267758694,0.019907896777237546,0.0335792798385542,0.28251104249511194,0.015592280717676666,0.00543617360203562,5.0
0.006693054126349854,0.03185418054718209,0.17763816594366827,0.008672902546782558,0.09738777639557526,0.0076972478050550165,0.020878781128322543,0.010135997185546777,0.010141701518238008,0.6096083123790986,0.013779710677847043,0.005512169746334082,5.0
0.05563419469592949,0.03654878857073818,0.17539122796584705,0.023380705777401346,0.09549479530817671,0.0656488010925007,0.03845144585077765,0.018445513556480133,0.01705158248761367,0.40069035470052455,0.03076972962198596,0.04249286037202447,5.0
0.023473584946272618,0.07628278334651344,0.4504040166628066,0.012663616143550832,0.020688525057067086,0.058250422831705014,0.05817759139039945,0.019913565944328495,0.08054356653970357,0.17760693398474736,0.014508595565276826,0.007486797587628558,5.0
0.030582588951966957,0.044509860573217874,0.2777661075550859,0.020477186009892984,0.05371735099479408,0.04146774125266814,0.07874687449259939,0.03083559861881252,0.022950799299967104,0.36602117700829073,0.01274700929544647,0.02017770594725773,5.0
0.0252953199301033,0.01859216926570604,0.14979153810467852,0.013489870313799834,0.016449280964140875,0.1673378777904047,0.01979079393694325,0.007501710319321916,0.005759365678738881,0.554793808121437,0.016122596800937746,0.005075668773787865,5.0
0.01027622532773949,0.027287293113627088,0.1819463237789918,0.010617959766814693,0.06386741095566995,0.009461506636092508,0.051365345981321885,0.01152312162111492,0.015555592033021972,0.5883132686677205,0.01074796022679565,0.01903799189108962,5.0
0.013433880736563672,0.03332546849966279,0.704701243879948,0.012806936859834028,0.017121330623213932,0.026365944138006272,0.024571277723227695,0.012520427202917721,0.012693171480284387,0.13010439394750248,0.0053570234763860546,0.006998901432452959,5.0
0.041897175158946066,0.018870865673947742,0.33437913025441857,0.018785391404105064,0.01202429927001069,0.13634871034925172,0.03774445296993236,0.011430523979375983,0.02821738854364078,0.34534221450211594,0.00846099775583017,0.006498850138424971,5.0
0.03128346610886514,0.020275947136812692,0.36382961456919544,0.007110264772758175,0.01818523378349538,0.12902098408410032,0.05992383761109281,0.00671956117339911,0.01633129472319737,0.3076938755894691,0.005541106189270555,0.03408481425834402,5.0
0.046301459306673814,0.0329617482725556,0.3226895470106187,0.012674210564216776,0.020354434572704905,0.031600158716929894,0.03383750931713141,0.01723733228771398,0.01282661716959524,0.4396580263406956,0.01720323043099182,0.012655726010172258,5.0
0.014713366407135596,0.019028250461612852,0.11575391282335497,0.004119416756556305,0.06839445730589427,0.06983332397174453,0.00926183113156334,0.01553973873880066,0.03586383232476626,0.6266866821559165,0.015569327492131099,0.0052358604305234304,5.0
0.05801510507303957,0.03549330084532343,0.21755399560316743,0.024623380784803216,0.10612828104953123,0.05019223992571217,0.03047073389377594,0.016613783253786596,0.022921134869154168,0.39950057782929604,0.016864938727170615,0.02162252814523953,5.0
0.04835095636179497,0.016146345662883418,0.20122604477649478,0.03449141842696529,0.024455552603619816,0.29478619463254,0.017964882838657294,0.005474987648533613,0.007227050952161748,0.34243882456482877,0.004046437337911155,0.0033913041936092393,5.0
0.010086929312534652,0.15474378528098376,0.2345499983075498,0.02220448830080974,0.045348189505648034,0.1434208846157342,0.0106208836452196,0.027927837691371797,0.027342439670014054,0.3054810255073387,0.008462869499096578,0.009810668663699092,5.0
0.0055277306512814435,0.05757602458399212,0.17615330560464565,0.005648448237391389,0.032735011902734035,0.008996790604669973,0.0191664023286711,0.005859746846718767,0.008723203234572567,0.6623861910247458,0.012986734740087416,0.00424041024048974,5.0
0.06729013766873591,0.03070736007425235,0.1760468625427611,0.0735501357940991,0.20648102541273916,0.0705503407557809,0.023130577249706734,0.027014646225333196,0.01980980408364073,0.2787423226430535,0.012820379603322435,0.013856407946574955,5.0
0.018913183025561657,0.06393870216154682,0.4299343041446164,0.006967082446336626,0.09861760506204888,0.0028524076258405902,0.04531917065758655,0.0018969363971437815,0.007050210978848985,0.28423916279226497,0.0033772881199760517,0.0368939465882288,5.0
0.020527145221868867,0.016619796558082663,0.10511677769770562,0.009275849385765771,0.022446811141570787,0.1176200402445457,0.008361135699591647,0.012140552702705466,0.020489643344249006,0.6503042311439537,0.01205093868258389,0.005047078177376764,5.0
0.020269344798413656,0.015191602428749134,0.22779633563743815,0.005838766153137653,0.018594716726952447,0.07838486097285845,0.013192199864438548,0.019598459759709457,0.05636319730215148,0.5340722621793581,0.005466557968804366,0.0052316962079887175,5.0
0.039150962640902114,0.04674648495483923,0.17136483547546588,0.020481436718919506,0.128194637542624,0.05683617683553251,0.06583843720886404,0.02540182819354843,0.025489661222770594,0.36320754108845843,0.021040025987826286,0.036247972130248995,5.0
0.008157840926368867,0.029386849847061414,0.27185395550690794,0.007231014978993788,0.014289427304333588,0.09104131186616547,0.023971819478738155,0.022842188006158753,0.036436247584595335,0.4826879741225621,0.006743240331266083,0.005358130046848476,5.0
0.09969764868592831,0.039307931519890774,0.19654133616660313,0.022203804824959546,0.12434286801842961,0.14042106298570253,0.07239661727285417,0.016179020097623373,0.016626305206033858,0.22221428999732445,0.014229228671016215,0.03583988655363386,5.0
0.016045131730742866,0.025628135139008926,0.11494232900235503,0.0031699363478415615,0.04694451017304703,0.10464959114392769,0.009248543809842129,0.015592845525897498,0.0144510240582377,0.6376546857759166,0.007685541597218392,0.0039877256959645535,5.0
0.006992871655893894,0.04359165392770643,0.2090444629583997,0.016945835602074175,0.007157784464524338,0.12050981858754313,0.03035562587752441,0.012209648916442526,0.010948158046601068,0.530971737615298,0.007659740340602821,0.0036126620073895135,5.0
0.03309554500330171,0.013459986734852053,0.09783342528721413,0.008426827310425317,0.030156015439768164,0.1372915087990959,0.020868105251205055,0.007390693021621585,0.0194361816649448,0.618592445097079,0.009131359198857738,0.004317907191634535,5.0
0.016813669478424578,0.01872133560615025,0.2126997486393072,0.009955560902512603,0.03629344118139888,0.07776793659589214,0.014434532349088073,0.010378753572782687,0.011787176505427488,0.5683731096499286,0.01711672366355476,0.005658011855532718,5.0
0.003717601972398948,0.02062742917718222,0.24199498959013663,0.00632328721059461,0.01984491043116589,0.011490253857320512,0.020362451049481253,0.018161742398412686,0.04257695156646217,0.6085380838953506,0.0040813434612288505,0.002280955390265794,5.0
0.030139184198298582,0.0251915836809924,0.15213691466885942,0.008979792461338145,0.1512628601991617,0.053970970231709534,0.03973703252371894,0.036441324245664986,0.0643996984749539,0.4239453074171902,0.004908400716308314,0.008886931181803887,5.0
0.01709768655986994,0.01145969824859524,0.18051368238309684,0.019047937416156287,0.016635841911741667,0.2505282479708892,0.0317131543394938,0.011725926674262288,0.020155220739499758,0.4292932114261304,0.004746211416988427,0.0070831809132762,5.0
0.022994356294535393,0.03601828477446062,0.3768038880668893,0.006826855600740992,0.059851804318939626,0.05762437384966985,0.12238650547441168,0.02404594385350389,0.02191217278139509,0.23044382054341017,0.0033571146266967947,0.03773487981534652,5.0
0.014423913945792675,0.03342192305975346,0.19432340131190637,0.012188805714579662,0.03378922409997488,0.06613565280285671,0.02942933354752459,0.007238072871695332,0.013412995919116658,0.5667067181811832,0.008849844446066084,0.02008011409955033,5.0
0.015682117232312984,0.011733710114711296,0.08911136426809843,0.0034035843183690653,0.00792129268015022,0.08265002185741073,0.005908070829361516,0.011326387669355566,0.024058544291662855,0.7374745666467586,0.007723376880327407,0.0030069632114813976,5.0
0.05508381480920727,0.08437713774800833,0.22804206430671944,0.024386093950177688,0.10466710526613074,0.06328576862697635,0.04118550208164658,0.01717954368765984,0.01769699398829513,0.33951187848027253,0.014791971482973527,0.009792125571932498,5.0
0.00518960047874567,0.022001690150778352,0.13935783817092182,0.006562191491169797,0.013697382866658094,0.049616385727608646,0.012173857568919089,0.016931356396026803,0.019225757460044405,0.7049726933662462,0.00727494306987072,0.00299630325301036,5.0
0.007759380857754415,0.019976473011088854,0.31192254282118914,0.016588718012153753,0.014138346104466504,0.013138220484907868,0.007956681716548137,0.012031604674272871,0.027110144854894016,0.5573794730885644,0.0076109017775704176,0.004387512596589581,5.0
0.0401006694530157,0.08469368525837948,0.3381574498447606,0.022799316102292504,0.06656642674458216,0.0764903318024572,0.02526959671848007,0.013792767723215894,0.024749340777729768,0.25051968537864583,0.0240419350280414,0.032818795168399466,5.0
0.03659025861775694,0.0094687020831026,0.22483949600983397,0.011131564766150646,0.021209491651353284,0.08527972189047682,0.08306482148133734,0.02211602932261225,0.010805519716791643,0.4731589022272028,0.011278055542740908,0.01105743669064078,5.0
0.04556276658527442,0.09419679105212271,0.12468480465682752,0.016432408371800142,0.1692016295044004,0.06174702299364985,0.05519910629558062,0.014253234191001878,0.01943880728316455,0.3864016624313387,0.008199847355768827,0.004681919279070303,5.0
0.05974600224281893,0.017282943995769726,0.10203139608790887,0.010529449767021522,0.013281751292205983,0.11116518423535784,0.027891201264955007,0.014858112271446207,0.02403661409019023,0.5905241398912867,0.013846295535779521,0.014806909325259259,5.0
0.014538554171236182,0.020729685745339163,0.3301902428003036,0.017651962091886294,0.04969797726772938,0.10929138083478562,0.02449755037336507,0.014416009129072885,0.020840688462333622,0.3751936964017332,0.009351123077237062,0.013601129644977785,5.0
0.05429204148897862,0.07087373276301613,0.18492174029095457,0.03366362535838288,0.07463214269389307,0.07785806750746921,0.07233309358377266,0.022970938589977206,0.02476580284057929,0.344066051355349,0.022567033614671696,0.017055729912955703,5.0
0.04610922853322068,0.027659328531279476,0.19935356494067263,0.01568222785368077,0.05185038739043789,0.23052699093540327,0.09504011485455541,0.03318948921185058,0.07369118967691737,0.21149597002491302,0.008439850502900146,0.006961657544168791,5.0
0.01040212264623396,0.01582391497347987,0.28597578990390154,0.01636722656612954,0.060468428599741456,0.13652104708975996,0.0203863760799344,0.014371838827439285,0.02234296184653533,0.39133324678541503,0.01604612960443278,0.009960917076996968,5.0
0.009751551657431596,0.015253860914259324,0.47747936720809503,0.015384605876469283,0.03710497315738287,0.09932189633891231,0.05043977831135962,0.01895966214187392,0.017458676886175105,0.24568169652023011,0.009741065435255044,0.003422865552555892,5.0
0.02157568165464381,0.045743988978234035,0.28498021560627645,0.007552088525592148,0.09540407981151319,0.0463770541635467,0.04033951708278143,0.02376181597777486,0.006499791853948576,0.41931501244041597,0.003527719890900311,0.004923034014372548,5.0
0.02088631203877399,0.02323334558647919,0.561197759349625,0.022537459135621662,0.030083752927187526,0.09258322557660484,0.02963750660911158,0.024005789544910144,0.04018749747963763,0.13689013651554902,0.009427099314645299,0.0093301159218542,5.0
0.008976124057253999,0.008856933199984063,0.22011807121492077,0.00424754674380245,0.038925894556093084,0.006175233154743127,0.02198814800816234,0.010937231644726066,0.015798368429908224,0.6483412847725685,0.00918470937989909,0.006450454837938096,5.0
0.041406135807190894,0.01899572324606131,0.2281177714831277,0.017880127693834406,0.018366832310360556,0.03574713133780417,0.07374259443170705,0.013452399904493895,0.01756761553376743,0.5069981647960591,0.010531526326992413,0.01719397712860112,5.0
0.006512952012003089,0.02754195005330006,0.5205026096935708,0.045164205283846355,0.021043849485986078,0.028031098660067547,0.012448850538460532,0.014078677748789292,0.02552569926140879,0.2901476232689428,0.004540016202005142,0.004462467791619496,5.0
0.010472176930777143,0.009709586082351571,0.08350524926420094,0.004956566545888736,0.054518129131018146,0.04176884187584003,0.006951890643742173,0.01207542864930914,0.02322019614823438,0.7466225345579472,0.004195021061888406,0.002004379108801976,5.0
0.04313114782725507,0.012395235531920342,0.4188038491514643,0.018566301342775864,0.014448058068656051,0.16702124627188333,0.0570002810616826,0.010540979830204257,0.01242166331951846,0.23926532092096786,0.002836801229150852,0.0035691154445211914,5.0
0.0848149018717158,0.046435737469235974,0.16799447858753486,0.012105025338016703,0.062480849476634,0.05909850832598334,0.030841143025403344,0.010985845222983097,0.01939009637126663,0.47397333211158826,0.010302467333505417,0.021577614866132574,5.0
0.019849696773878437,0.01272776900704689,0.30241199598626156,0.005932207056659625,0.0249770924909336,0.13168802689837325,0.009605795710209182,0.02764278602960449,0.02664522109101501,0.43170826458527234,0.004974574480792822,0.0018365698899529108,5.0
0.015282569303021772,0.03088187382404569,0.24485368048348816,0.008334647179177956,0.04550024978865144,0.0028169090421576483,0.06111736660107618,0.012416746775882228,0.013198992747280414,0.5546508650591409,0.005660517508266431,0.005285581687811213,5.0
0.017157319387209685,0.02612048455818845,0.6077317710046231,0.014543080939045171,0.016025065335840177,0.19257161644329165,0.026600250196878318,0.0092145563059313,0.01813712592498349,0.05901037494714355,0.004146211227253368,0.008742143729611808,5.0
0.04096170071082357,0.07697767659430078,0.17934989055605874,0.013451317369311204,0.06301526052658207,0.15355897869491075,0.05928423083400121,0.022663969892536474,0.08117690131952654,0.29024860943657954,0.010829455773579903,0.008482008291789286,5.0
0.03360821879984621,0.055083616100622866,0.11078716916364363,0.009778741709795917,0.22657669866794639,0.15994585858080065,0.03477949254743294,0.02302418270568858,0.018712701835132198,0.2997411948874334,0.01305473806617468,0.014907386935482509,5.0
0.00991785815579057,0.017865705168089448,0.33384800776746854,0.005997437862005705,0.030563311386277766,0.05466094898539214,0.06711850551578424,0.01949154849506888,0.012464411490236756,0.4140865755060811,0.007301035419430439,0.026684654248374455,5.0
0.06125847345609082,0.007630193365354891,0.016020431959649938,0.005532740961515107,0.20421494119246822,0.048336393615052646,0.08533725134249878,0.522615135350412,0.02021242768162328,0.012360061348120762,0.007767053068516315,0.008714896658697196,3.0
0.09808249567415832,0.015426967148572232,0.014720528464036266,0.006427217349308492,0.06680746662232731,0.011669878711294322,0.05281350222572538,0.5745909559624084,0.0978983842744134,0.023102641514575615,0.01867942260536179,0.019780539447818737,3.0
0.1028970302039932,0.018448857680982,0.03867611593978248,0.008679735481778451,0.07667214873799261,0.03148411983834061,0.18282679865753063,0.4196391387689621,0.07196268784787443,0.015360193696695936,0.01757244003452108,0.015780733111546347,3.0
0.2570064913868233,0.004915673437680053,0.06566176552352977,0.008192775356571499,0.1291491302784456,0.01363711068331354,0.02159542722035194,0.433957586481098,0.019917893681189167,0.0047718951105349345,0.0038351151466242575,0.03735913569383796,3.0
0.18859605733915577,0.003789404431426307,0.061341671423668385,0.0145723665027239,0.3388635868537055,0.04299623468803707,0.03637688505972977,0.235463477581798,0.016443865880098753,0.01179043138194198,0.016872675127506703,0.03289334373020773,3.0
0.24165240920761413,0.004594153089119655,0.043639022400344805,0.010699824155389328,0.34531023985028914,0.05994068999654357,0.0063479755605885795,0.1615063664697228,0.06302679767488169,0.00897014974862015,0.014135842761765733,0.040176529085120476,3.0
0.2575734745413761,0.013032237015362965,0.006119904018371158,0.0022639343578140497,0.0389836412972514,0.004034709604394695,0.028594364969889773,0.3815179452834148,0.21842698683414566,0.018544886332688273,0.0208772378478049,0.010030677897486103,3.0
0.1724551395704393,0.011922265338386659,0.05036267873153736,0.006759584054949614,0.2540659690304527,0.00839397671856243,0.042446263930885374,0.18328098473415697,0.037734303606084645,0.02057300048541673,0.022019495554302406,0.1899863382448259,3.0
0.10109790760852663,0.013292296982832737,0.013590314208255537,0.053776050807013094,0.15930174756604393,0.03237301585828227,0.1006608125149129,0.4578567884615871,0.033814707187564165,0.010365956685117462,0.0057877168681709215,0.018082685251692945,3.0
0.1417425798334018,0.003791516578185098,0.003695062759049455,0.017209302123347286,0.4368827517019433,0.08367719193425356,0.01723103441597322,0.2661298261855247,0.015370241396634853,0.0017940471970312535,0.0034324733178621196,0.009043972556793347,3.0
0.23228007524402283,0.003370597976935769,0.022009907727476605,0.004113312008062833,0.3487067923523775,0.01245651584190761,0.06141217236144989,0.2773444087410729,0.013922609249592977,0.0020226222024155973,0.0029219893376626455,0.01943899695702293,3.0
0.24261484064022684,0.007063673950876256,0.05401600148019058,0.004450403386177592,0.3593370055151418,0.025041489351990916,0.017097304588156545,0.23495159596297266,0.010695959716177851,0.004263568432312054,0.013662382517352807,0.026805774458423928,3.0
0.5111434295959955,0.005401729408173319,0.028796247307509876,0.007886807126974987,0.320469384752243,0.021591412475373068,0.021816512425244315,0.030101344864192296,0.015440631677778021,0.007591092329713427,0.009064913536126073,0.02069649450067605,3.0
0.12799742754522112,0.005667266664249849,0.04702708819430451,0.0063753469012582135,0.4907180255613508,0.029605874569713846,0.025219347285089906,0.21570407437522174,0.008620123791250394,0.004427794582922394,0.011108488633818676,0.02752914189559854,3.0
0.19066365918892286,0.00894362299138993,0.2443189712229212,0.006095490529682078,0.10696970485790172,0.015792216031280205,0.075057543867857,0.3071526365320421,0.007844219920543993,0.01638781673651714,0.005414407300246094,0.01535971082069567,3.0
0.15749182662654293,0.011499139186345547,0.02866480309607369,0.004874133110629704,0.14632819518559695,0.008106249713557763,0.03321200200866499,0.4729948661910288,0.06450313866490302,0.008259877562846905,0.016985368536842585,0.04708040011696713,3.0
0.33017077519123567,0.00644645334251431,0.008047396672716986,0.0038843753244760973,0.02755948798343748,0.027926416419136502,0.02546263825470985,0.5181855933636912,0.024861250302809387,0.004114095531032694,0.00536877273464376,0.017972744879596048,3.0
0.0727113682802961,0.01156452409247178,0.04310526432933449,0.03282572562376945,0.2955898182966136,0.05299111379848241,0.1234837870577616,0.2694253707775756,0.027357461540825804,0.012992631397708301,0.016472934582511704,0.041480000222649055,3.0
0.2702187424025477,0.010689504613536687,0.04754880802038724,0.004586092741467228,0.34233444507271127,0.016263255033480396,0.030676492721854264,0.23767883578156723,0.010406026584497654,0.007613097043611866,0.009133663870821204,0.012851036113517114,3.0
0.11327733918267095,0.002132579700553156,0.013547736482985928,0.017604061829332007,0.4713910982209326,0.01879983256665979,0.016113497521095282,0.3023868530630511,0.019598962559547822,0.005471108094685184,0.0053888591857846335,0.014288071592701698,3.0
